# Data columns: N_ELEM AV_TIME RSE AV_TIME RSE diff
| 250 | 12.10 | 0.84 | 6.48 | 1.18 | 1.87 |
| 500 | 28.81 | 0.97 | 16.71 | 0.86 | 1.72 |
| 750 | 45.96 | 0.76 | 23.12 | 1.16 | 1.99 |
| 1000 | 61.14 | 0.78 | 30.34 | 1.06 | 2.02 |
| 1250 | 80.86 | 0.98 | 37.80 | 1.38 | 2.14 |
| 1500 | 100.23 | 0.85 | 41.31 | 0.86 | 2.43 |
| 1750 | 120.05 | 0.66 | 45.22 | 0.59 | 2.65 |
| 2000 | 138.77 | 0.74 | 56.98 | 1.04 | 2.44 |
| 2250 | 159.01 | 0.75 | 68.34 | 1.31 | 2.33 |
| 2500 | 177.10 | 0.68 | 71.17 | 1.08 | 2.49 |
| 2750 | 192.00 | 0.67 | 79.14 | 1.15 | 2.43 |
| 3000 | 212.20 | 0.60 | 82.99 | 0.84 | 2.56 |
| 3250 | 240.00 | 0.73 | 100.07 | 1.10 | 2.40 |
| 3500 | 258.32 | 0.66 | 106.33 | 1.11 | 2.43 |
| 3750 | 286.40 | 0.70 | 115.14 | 1.24 | 2.49 |
| 4000 | 293.73 | 0.57 | 122.83 | 1.08 | 2.39 |
| 4250 | 309.56 | 0.44 | 125.40 | 1.19 | 2.47 |
| 4500 | 337.88 | 0.57 | 142.66 | 1.21 | 2.37 |
| 4750 | 373.33 | 0.64 | 143.64 | 1.25 | 2.60 |
| 5000 | 385.26 | 0.57 | 158.77 | 1.28 | 2.43 |
