# Data columns: N_ELEM AV_TIME RSE AV_TIME RSE diff
| 250 | 209.86 | 0.78 | 17.07 | 1.01 | 12.29 |
| 500 | 790.63 | 0.67 | 42.52 | 0.94 | 18.59 |
| 750 | 1661.84 | 0.59 | 63.09 | 0.83 | 26.34 |
| 1000 | 2797.15 | 0.63 | 91.56 | 0.97 | 30.55 |
| 1250 | 4411.04 | 0.53 | 109.54 | 1.13 | 40.27 |
| 1500 | 6348.41 | 0.57 | 136.67 | 1.17 | 46.45 |
| 1750 | 8663.68 | 0.60 | 155.56 | 0.86 | 55.69 |
| 2000 | 11217.17 | 0.57 | 181.99 | 0.87 | 61.64 |
| 2250 | 14392.90 | 0.62 | 219.31 | 1.02 | 65.63 |
| 2500 | 17314.09 | 0.59 | 246.26 | 1.22 | 70.31 |
| 2750 | 21412.65 | 0.67 | 270.99 | 1.01 | 79.02 |
| 3000 | 25654.85 | 0.75 | 293.74 | 1.00 | 87.34 |
| 3250 | 30085.50 | 0.75 | 326.26 | 1.10 | 92.21 |
| 3500 | 34943.07 | 0.85 | 336.89 | 0.95 | 103.72 |
| 3750 | 39222.73 | 0.68 | 377.45 | 1.03 | 103.92 |
| 4000 | 44821.45 | 0.73 | 412.98 | 1.07 | 108.53 |
| 4250 | 51708.10 | 0.86 | 441.34 | 1.02 | 117.16 |
| 4500 | 58222.87 | 0.84 | 460.91 | 0.99 | 126.32 |
| 4750 | 63990.35 | 0.85 | 459.42 | 0.89 | 139.29 |
| 5000 | 70593.12 | 0.79 | 523.53 | 0.92 | 134.84 |
