# Data columns: N_ELEM AV_TIME RSE AV_TIME RSE diff
| 250 | 5.57 | 0.98 | 5.32 | 1.84 | 1.05 |
| 500 | 12.03 | 0.72 | 14.78 | 0.67 | 0.81 |
| 750 | 20.04 | 0.87 | 20.03 | 0.87 | 1.00 |
| 1000 | 27.34 | 0.70 | 29.10 | 1.15 | 0.94 |
| 1250 | 36.27 | 0.67 | 32.14 | 0.78 | 1.13 |
| 1500 | 43.83 | 0.57 | 38.55 | 0.83 | 1.14 |
| 1750 | 54.19 | 1.03 | 42.32 | 1.00 | 1.28 |
| 2000 | 59.92 | 0.57 | 47.35 | 0.92 | 1.27 |
| 2250 | 70.74 | 0.66 | 56.54 | 0.93 | 1.25 |
| 2500 | 80.66 | 0.60 | 60.72 | 0.94 | 1.33 |
| 2750 | 91.48 | 0.70 | 63.81 | 1.19 | 1.43 |
| 3000 | 99.23 | 0.65 | 70.95 | 0.68 | 1.40 |
| 3250 | 108.69 | 0.74 | 79.60 | 0.92 | 1.37 |
| 3500 | 113.20 | 0.89 | 87.09 | 0.82 | 1.30 |
| 3750 | 126.01 | 0.65 | 88.67 | 0.75 | 1.42 |
| 4000 | 134.69 | 0.62 | 93.84 | 0.81 | 1.44 |
| 4250 | 147.44 | 0.73 | 109.27 | 1.00 | 1.35 |
| 4500 | 156.67 | 0.57 | 114.37 | 0.84 | 1.37 |
| 4750 | 172.24 | 0.69 | 107.72 | 0.62 | 1.60 |
| 5000 | 177.59 | 0.58 | 119.69 | 0.92 | 1.48 |
