# Data columns: N_ELEM AV_TIME RSE AV_TIME RSE diff
| 250 | 60.84 | 1.18 | 13.16 | 1.00 | 4.62 |
| 500 | 185.39 | 1.36 | 32.71 | 0.68 | 5.67 |
| 750 | 406.21 | 1.29 | 46.03 | 0.64 | 8.82 |
| 1000 | 616.32 | 1.05 | 64.07 | 0.94 | 9.62 |
| 1250 | 988.86 | 0.90 | 83.06 | 0.84 | 11.91 |
| 1500 | 1381.05 | 0.70 | 99.18 | 0.62 | 13.92 |
| 1750 | 1902.58 | 0.51 | 120.05 | 0.86 | 15.85 |
| 2000 | 2378.70 | 0.45 | 132.05 | 0.63 | 18.01 |
| 2250 | 3004.25 | 0.35 | 150.26 | 0.65 | 19.99 |
| 2500 | 3553.84 | 0.28 | 173.03 | 0.60 | 20.54 |
| 2750 | 4257.66 | 0.30 | 188.36 | 0.59 | 22.60 |
| 3000 | 4920.98 | 0.23 | 209.04 | 0.92 | 23.54 |
| 3250 | 5692.45 | 0.26 | 215.77 | 0.52 | 26.38 |
| 3500 | 6642.58 | 0.19 | 245.33 | 0.63 | 27.08 |
| 3750 | 7500.11 | 0.21 | 270.16 | 0.58 | 27.76 |
| 4000 | 8422.11 | 0.16 | 294.80 | 0.76 | 28.57 |
| 4250 | 9498.46 | 0.18 | 303.69 | 0.50 | 31.28 |
| 4500 | 10430.10 | 0.12 | 326.10 | 0.78 | 31.98 |
| 4750 | 11629.32 | 0.13 | 339.52 | 0.64 | 34.25 |
| 5000 | 12856.79 | 0.12 | 346.21 | 0.57 | 37.14 |
